4
3
3
2
4
2
14
3
5
19
4
17
15
17
4
4
3
4
4
18
18
4
4
13
4
11
5
2
4
20
3
2
4
2
2
19
4
4
4
15
2
4
4
4
3
12
3
2
2
3
13
3
2
4
4
14
17
4
4
4
5
5
3
2
2
16
2
4
3
4
14
13
6
4
5
17
15
15
4
4
4
4
5
4
5
3
3
15
4
10
2
16
14
4
5
3
4
24
10
5
2
5
2
12
4
4
4
4
17
17
5
4
4
4
15
4
4
3
12
3
3
2
14
3
2
4
7
10
15
5
6
5
4
4
2
3
4
5
5
5
2
5
4
4
7
4
4
2
20
3
5
16
17
4
15
3
3
7
5
11
19
19
3
2
2
5
3
2
2
3
6
9
4
5
2
4
3
3
2
12
4
4
3
2
2
3
4
2
18
3
16
4
2
15
12
5
4
4
5
2
14
2
4
2
2
5
4
17
16
9
2
4
3
4
4
5
2
4
2
2
18
14
15
15
16
2
3
3
14
17
4
5
9
3
5
2
5
4
2
11
2
14
17
4
5
19
14
4
5
4
17
3
9
12
15
5
19
4
12
2
4
4
12
1
4
4
3
4
4
2
2
4
14
5
15
4
15
2
4
5
21
4
4
5
18
4
1
15
15
2
19
3
4
2
4
4
13
2
4
4
3
16
3
5
3
2
5
5
3
17
19
17
4
4
2
7
5
3
4
3
3
4
4
2
16
4
17
5
22
5
17
2
3
4
14
13
16
3
5
4
4
4
3
4
5
2
4
19
11
4
3
15
5
3
3
3
12
11
21
2
5
17
19
4
14
14
4
20
5
4
14
5
15
3
22
14
16
2
4
4
10
19
2
4
3
3
4
19
4
5
4
19
18
5
5
11
16
6
4
4
6
4
6
4
4
2
13
15
12
16
5
3
2
4
2
17
21
4
2
5
20
4
2
18
4
3
4
4
3
3
3
11
6
15
4
3
15
7
3
15
5
4
9
4
4
4
2
3
4
4
3
11
2
12
4
5
2
4
5
12
3
16
2
12
21
5
4
2
2
3
2
2
5
2
2
5
4
16
3
2
4
4
2
18
9
3
4
5
7
4
3
9
3
18
4
2
4
2
3
4
4
2
13
15
7
5
2
4
3
4
17
5
3
3
4
4
4
4
2
12
5
4
4
4
7
16
3
7
4
3
3
19
19
4
2
4
4
5
3
2
4
4
4
7
4
6
3
5
18
4
2
3
5
2
2
3
5
4
12
4
17
20
5
13
18
4
5
3
2
13
4
4
4
2
21
4
4
2
3
4
4
13
4
3
16
3
14
18
3
3
5
16
4
17
6
4
4
13
2
4
4
5
15
4
4
3
18
4
4
2
4
21
3
3
4
4
3
17
1
3
4
12
2
4
18
5
4
4
2
4
18
5
3
2
7
16
3
5
4
14
2
16
4
6
4
4
4
10
4
4
15
4
3
3
18
5
3
2
3
17
5
4
15
3
3
3
22
4
2
13
13
16
3
5
13
2
5
4
12
3
5
2
3
3
5
3
3
5
4
5
12
4
5
16
4
17
17
1
4
19
18
4
13
4
13
4
16
4
14
2
4
3
3
5
11
5
14
5
2
3
4
5
2
15
3
3
5
2
3
17
4
4
6
13
1
2
2
3
11
2
4
3
4
2
5
5
3
4
21
5
4
11
12
4
4
17
2
20
4
4
2
3
2
4
10
19
5
5
5
4
1
3
12
3
4
2
5
2
3
18
3
17
4
4
18
2
16
4
2
5
14
12
5
3
5
14
5
15
5
3
18
11
13
9
18
2
4
2
13
3
13
13
6
7
2
3
4
5
5
14
3
10
2
4
12
4
14
4
17
18
5
13
13
4
4
4
21
4
16
2
16
2
3
5
11
6
5
5
4
4
2
14
15
5
3
5
5
2
4
2
4
2
3
4
5
4
5
5
4
4
23
4
2
16
5
3
16
9
3
12
17
3
4
3
5
4
5
5
2
17
4
4
3
2
4
3
3
7
4
16
15
16
3
4
17
3
15
19
3
4
2
23
16
4
20
2
18
7
17
5
2
4
4
16
4
4
1
4
3
19
4
3
4
4
2
3
3
11
4
5
3
19
16
4
3
16
4
24
16
2
3
4
2
4
5
3
12
4
3
5
2
4
20
4
4
2
18
4
3
5
3
7
3
3
4
10
3
4
5
5
4
4
18
4
4
2
4
4
2
2
4
3
3
4
16
4
2
9
4
7
